$ANSIBLE_VAULT;1.1;AES256
31643538366336653836646137336465373765353264396166323837346236633637616261343532
3839653234643330363966366462656631346539613761340a633534336662396438303666376664
66343137363338386236353232643565303565653232616361393337646335663937306236343332
3435323237343331330a663431363762363765623164306339323662383161373963636262316630
66633065366537653232653661626462623330343063613561353132316636353332353439363362
32303862633935326334616338653264666235323636363762373966646365653563666563653637
31306137393135373863356438366536303163336361353539393238653734626339343437626633
39666231623264613366356236613835616163306264373432636632333535376462656333316432
31633133326439306338366437643037393262306365626230623264613563653339383430323130
34343039303162363232376536646561633464626234623961333238666139303461346563626130
32356634623761623736323333646536663030323163356164316165326232653835303135613234
61303762363233666233623365636632343031346332383064343034306363666135353838396432
66303662393533333265363235663432333935353333633462343166623738316537343634643663
62303535363439643337636362386662366366623737356430393464303464643638663038633061
64343735303337646337653364623662356330373233393733623035626161336666306262633635
35626433663735353666333834386466353766313564316462623835323336303339383262313934
36656161306361366334643137396265376261633464356663336431333961363963623834663466
62313034653332396262306464633736393137316161383664373539306239623732393265396630
63323530643264376465653831643861636434623862323761306230666363663463626165656433
37653237633331323939383834303137376439343736303830363861633865303535313863343166
37326235386235303737386230306639646138613439376262636565636166323333306161636336
61663736386531346636366639656536626632663238306361396563656566313339623939303366
36333235363337656131306366626137363733623837636531643366626235333934316337613939
38623139313633663338666235623431613965356330323666386538316366316332393333303239
37663930663964316632643837383430633530373065343036353634616532653134
